((("True" .
   [1 0 0 0])
  ("TAP_tmp" .
   [2 0 0 0 0 0 0])
  ("GATEWAY" .
   [1 0 0 0 0 0 0])
  ("via" .
   [1 0 0])
  ("default" .
   [1 0 0 0 0 0 0])
  ("metric" .
   [1 0 0 0 0 0])
  ("NETWORK" .
   [1 0 0 0 0 0 0])
  ("route" .
   [2 0 0 0 0])
  ("set" .
   [1 0 0])
  ("bridge" .
   [1 0 0 0 0 0])
  ("mode" .
   [1 0 0 0])
  ("IFACE" .
   [1 0 0 0 0])
  ("add" .
   [3 0 0])
  ("RANDOM" .
   [2 0 0 0 0 0])
  ("dev" .
   [3 0 0])
  ("TAP" .
   [2 0 0])
  ("TAP_DEVICE" .
   [10 0 0 1 0 0 0 0 0 0])
  ("local" .
   [2 0 0 0 0])
  ("awk" .
   [1 0 0])
  ("show" .
   [1 0 0 0])
  ("link" .
   [6 0 0 0])
  ("name" .
   [2 0 0 0])
  ("macvtap" .
   [4 0 0 0 0 0 0])
  ("/dev/null" .
   [2 0 0 0 0 0 0 0 0])
  ("match" .
   [2 0 0 0 0])
  ("if_down" .
   [1 0 0 0 0 0 0])
  ("then" .
   [3 0 0 0])
  ("index" .
   [0 0 0 0 1])
  ("expr" .
   [3 0 0 0])
  ("exit" .
   [2 0 0 0])
  ("echo" .
   [5 0 0 0])
  ("ifdown" .
   [1 0 0 0 0 0])
  ("ifup" .
   [2 0 0 0])
  ("inet" .
   [0 0 1 0])
  ("grep" .
   [2 0 0 0])
  ("snapone" .
   [1 0 0 0 0 0 0])
  ("/home/mdday/src/images/ttyguest.qcow2" .
   [0 0 0 0 0 0 0 0 0 0 0 0 0 0 0 0 0 0 0 0 0 0 0 0 0 0 0 0 0 0 0 0 0 0 0 0 1])
  ("/home/mdday/" .
   [0 0 0 0 0 0 1 0 0 0 0 0])
  ("//bin/" .
   [0 0 1 0 0 0])
  ("yas--initialize" .
   [0 0 0 0 0 0 0 1 0 0 0 0 0 0 0])
  ("load-path" .
   [1 0 0 0 0 0 0 0 0])
  ("add-to-list" .
   [0 0 0 0 0 1 0 0 0 0 0])
  ("yas/load-directory" .
   [0 0 0 0 0 0 1 0 0 1 0 0 0 0 0 0 0 0])
  ("setq" .
   [1 0 0 0])))
